18
21
22
27
28
52
58
59
60
61
62
63
64
65
66
67
71
77
78
80
87
92
109
119
122
145
156
176
177
186
214
216
218
233
234
255
257
261
266
276
277
280
281
289
291
300
302
303
304
307
308
309
310
314
315
341
344
347
348
349
351
355
360
361
365
366
378
383
385
387
389
406
409
411
412
413
415
417
426
427
431
432
452
455
456
463
466
474
481
482
488
508
509
515
520
521
538
546
566
567
570
578
579
580
583
584
591
599
600
601
604
606
608
611
613
614
625
627
629
633
635
636
638
641
643
644
645
647
651
654
656
657
658
660
661
663
670
671
678
682
683
685
691
692
693
696
697
702
710
714
717
719
720
742
745
746
747
748
751
752
756
757
767
770
772
773
776
777
778
781
782
784
787
792
793
794
796
797
804
811
818
824
828
829
834
835
838
839
842
849
853
854
855
860
864
866
867
868
872
879
881
889
897
905
908
912
913
916
920
922
938
942
943
947
948
950
951
952
955
960
969
972
973
974
979
980
987
997
1008
1010
1013
1025
1028
1029
1039
1040
1049
1053
1061
1064
1069
1077
1084
1085
1089
1090
1092
1095
1097
1099
1100
1103
1114
1122
1128
1130
1131
1132
1134
1139
1143
1147
1150
1156
1158
1161
1162
1164
1166
1171
1176
1177
1178
1183
1188
1189
1191
1192
1202
1203
1204
1206
1208
1213
1215
1216
1219
1228
1232
1235
1236
1241
1251
1258
1259
1260
1261
1262
1269
1271
1272
1274
1275
1276
1278
1282
1283
1285
1286
1287
1288
1289
1293
1295
1296
1297
1299
1300
1301
1310
1312
1313
1316
1320
1323
1326
1327
1330
1331
1334
1340
1343
1347
1348
1349
1353
1360
1362
1364
1365
1367
1369
1370
1371
1373
1377
1378
1381
1382
1389
1393
1395
1397
1398
1399
1402
1404
1405
1411
1412
1414
1416
1417
1419
1422
1426
1431
1434
1437
1439
1441
1442
1448
1450
1451
1452
1454
1459
1460
1461
1463
1466
1469
1470
1471
1473
1475
1476
1481
1483
1484
1488
1489
1490
1493
1497
1498
1499
1500
1501
1502
1506
1507
1508
1509
1510
1511
1512
1514
1516
1517
1519
1520
1521
1522
1527
1529
1531
1535
1536
1537
1538
1543
1545
1546
1547
1548
1549
1551
1552
1554
1555
1557
1561
1565
1567
1569
1571
1573
1577
1578
1579
1585
1587
1588
1589
1590
1595
1596
1598
1599
1600
1601
1602
1603
1609
1612
1613
1614
1618
1620
1621
1622
1625
1626
1628
1631
1633
1634
1635
1640
1641
1642
1643
1646
1647
1649
1654
1657
1658
1659
1660
1663
1665
1666
1671
1672
1675
1676
1678
1680
1681
1683
1684
1685
1690
1691
1692
1696
1697
1698
1700
1704
1705
1706
1707
1708
1709
1710
1711
1714
1724
1726
1736
1737
1738
1739
1742
1745
1747
1748
1749
1755
1756
1757
1758
1763
1765
1766
1767
1769
1772
1773
1774
1775
1776
1777
1778
1779
1780
1782
1783
1785
1787
1789
1790
1791
1792
1794
1798
1800
1808
1811
1813
1814
1821
1827
1828
1830
1831
1832
1833
1836
1840
1844
1845
1848
1849
1850
1853
1856
1860
1864
1865
1866
1867
1868
1878
1880
1881
1883
1884
1887
1888
1890
1891
1895
1900
1902
1906
1907
1909
1914
1915
1917
1920
1922
1930
1934
1935
1936
1940
1941
1943
1956
1958
1959
1962
1963
1964
1968
1970
1971
1972
1973
1974
1976
1977
1978
1979
1980
1982
1983
1990
1992
1997
2001
2006
2009
2014
2016
2020
2022
2026
2027
2034
2035
2036
2039
2045
2046
2050
2051
2056
2058
2062
2063
2068
2071
2072
2077
2081
2082
2085
2087
2088
2089
2093
2096
2097
2103
2105
2110
2118
2119
2124
2126
2129
2131
2133
2134
2137
2140
2147
2150
2157
2158
2160
2165
2167
2168
2170
2171
2172
2173
2174
2176
2184
2185
2186
2187
2190
2191
2194
2195
2196
2197
2200
2201
2202
2206
2207
2208
2209
2210
2212
2214
2216
2220
2221
2226
2227
2228
2229
2230
2232
2233
2234
2235
2236
2238
2239
2241
2242
2244
2248
2252
2254
2257
2258
2260
2263
2264
2265
2273
2275
2276
2279
2280
2284
2294
2296
2298
2299
2300
2301
2303
2305
2306
2307
2308
2311
2312
2316
2320
2327
2328
2340
2341
2349
2350
2351
2353
2357
2358
2359
2360
2365
2368
2369
2377
2380
2382
2385
2386
2389
2394
2395
2396
2400
2401
2403
2404
2405
2406
2407
2408
2411
2412
2413
2414
2415
2419
2423
2429
2430
2431
2433
2438
2451
2452
2453
2456
2457
2461
2463
2465
2467
2468
2471
2472
2474
2477
2478
2479
2482
2490
2491
2498
2503
2506
2509
2514
2515
2517
2519
2522
2523
2525
2526
2534
2535
2540
2541
2542
2543
2547
2548
2549
2550
2553
2554
2559
2560
2561
2563
2564
2566
2567
2569
2570
2571
2572
2574
2576
2577
2579
2580
2585
2586
2588
2589
2591
2592
2593
2594
2595
2606
2610
2611
2615
2616
2617
2621
2622
2623
2624
2625
2627
2628
2629
2630
2631
2634
2637
2639
2641
2644
2651
2652
2653
2655
2658
2663
2664
2666
2668
2669
2670
2672
2673
2675
2676
2678
2679
2682
2687
2689
2690
2691
2693
2695
2696
2697
2699
2701
2703
2709
2714
2715
2717
2719
2720
2721
2728
2731
2732
2734
2735
2740
2744
2745
2748
2750
2754
2761
2762
2763
2764
2767
2769
2770
2775
2776
2777
2778
2781
2782
2783
2784
2786
2787
2792
2793
2794
2795
2796
2799
2800
2801
2805
2806
2807
2808
2809
2812
2817
2820
2824
2829
2832
2833
2835
2836
2839
2842
2844
2846
2850
2851
2852
2853
2854
2855
2856
2857
2861
2867
2868
2869
2870
2871
2883
2888
2889
2892
2897
2899
2901
2902
2904
2905
2907
2908
2909
2914
2915
2919
2920
2925
2927
2930
2932
2933
2935
2936
2938
2943
2944
2945
2950
2951
2952
2955
2958
2959
2960
2961
2962
2964
2965
2967
2968
2969
2970
2971
2976
2977
2979
2981
2982
2983
2988
2995
2997
2999
3002
3010
3012
3016
3023
3025
3027
3028
3030
3031
3032
3033
3035
3036
3038
3040
3041
3042
3043
3044
3046
3048
3049
3050
3052
3053
3055
3056
3058
3062
3064
3065
3066
3067
3068
3070
3073
3074
3075
3076
3080
3081
3082
3084
3089
3092
3094
3095
3096
3099
3104
3107
3110
3113
3114
3117
3118
3120
3121
3123
3124
3128
3129
3130
3131
3135
3136
3137
3138
3140
3143
3144
3149
3150
3152
3155
3157
3159
3162
3163
3165
3167
3169
3170
3171
3174
3177
3178
3179
3181
3185
3186
3187
3189
3191
3193
3194
3195
3197
3200
3203
3210
3211
3213
3216
3217
3219
3220
3223
3225
3231
3232
3234
3235
3236
3237
3238
3240
3244
3245
3249
3250
3251
3252
3253
3254
3255
3256
3257
3258
3259
3260
3262
3267
3268
3272
3273
3274
3280
3285
3286
3289
3297
3299
3302
3304
3313
3315
3317
3318
3323
3324
3326
3327
3329
3330
3332
3334
3336
3343
3348
3350
3351
3352
3353
3354
3364
3365
3366
3368
3371
3372
3375
3377
3378
3379
3380
3382
3384
3387
3388
3389
3392
3393
3396
3397
3399
3400
3401
3410
3411
3413
3414
3416
3420
3424
3425
3427
3428
3429
3437
3438
3439
3440
3444
3445
3446
3447
3448
3449
3450
3452
3456
3459
3461
3467
3469
3470
3475
3476
3480
3481
3482
3487
3488
3491
3492
3493
3496
3500
3501
3502
3503
3504
3506
3507
3508
3509
3510
3511
3515
3516
3521
3522
3523
3524
3526
3528
3532
3537
3538
3540
3541
3542
3547
3550
3551
3552
3553
3564
3567
3568
3569
3570
3573
3575
3580
3584
3588
3590
3591
3592
3594
3597
3598
3603
3605
3607
3608
3617
3622
3627
3628
3630
3633
3634
3664
3665
3668
3669
3671
3672
3673
3676
3678
3681
3683
3684
3685
3688
3692
3694
3700
3703
3706
3709
3710
3712
3717
3718
3719
3720
3721
3723
3725
3729
3730
3732
3733
3734
3738
3740
3754
3755
3758
3760
3761
3764
3766
3770
3772
3775
3776
3778
3783
3784
3786
3791
3792
3795
3796
3797
3798
3801
3811
3825
3828
3831
3832
3835
3836
3838
3839
3840
3842
3845
3848
3852
3853
3855
3856
3857
3863
3865
3868
3870
3873
3875
3878
3879
3882
3886
3887
3888
3889
3890
3892
3899
3901
3903
3905
3912
3913
3914
3916
3919
3923
3925
3931
3934
3937
3938
3939
3946
3947
3948
3949
3952
3955
3957
3961
3964
3969
3974
3976
3978
3984
3986
3991
3992
3998
4001
4014
4015
4016
4018
4025
4027
4030
4036
4037
4038
4040
4042
4045
4049
4053
4055
4056
4057
4058
4059
4060
4062
4063
4066
4068
4069
4070
4071
4072
4073
4074
4077
4078
4079
4080
4083
4084
4085
4086
4087
4088
4089
4090
4092
4096
4097
4098
4099
4100
4101
4102
4104
4106
4107
4109
4111
4112
4113
4114
4115
4120
4124
4126
4129
4132
4144
4145
4148
4149
4151
4154
4158
4159
4160
4162
4163
4166
4167
4171
4175
4176
4179
4183
4184
4185
4187
4188
4189
4192
4197
4198
4199
4201
4203
4209
4211
4214
4215
4217
4219
4221
4222
4228
4229
4230
4233
4235
4236
4248
4249
4251
4252
4256
4260
4261
4264
4265
4268
4274
4275
4278
4280
4281
4282
4283
4285
4286
4290
4292
4293
4295
4297
4298
4305
4306
4307
4309
4310
4314
4315
4316
4332
4337
4344
4345
4346
4349
4350
4351
4352
4358
4363
4366
4370
4371
4373
4374
4382
4383
4384
4386
4387
4388
4389
4390
4391
4393
4395
4396
4399
4400
4401
4404
4408
4411
4412
4413
4416
4418
4421
4422
4424
4425
4428
4429
4430
4431
4433
4434
4435
4436
4438
4440
4441
4445
4454
4458
4460
4464
4467
4468
4473
4474
4481
4482
4489
4497
4500
4501
4503
4504
4509
4513
4514
4517
4518
4519
4520
4521
4525
4534
4535
4536
4540
4541
4542
4544
4546
4558
4560
4561
4564
4567
4568
4570
4573
4574
4584
4586
4587
4589
4591
4593
4594
4597
4598
4599
4601
4603
4604
4605
4606
4610
4611
4612
4617
4618
4622
4625
4626
4632
4642
4644
4647
4649
4650
4651
4652
4653
4658
4659
4661
4662
4663
4664
4667
4669
4670
4672
4675
4676
4682
4689
4690
4695
4696
4700
4701
4702
4704
4706
4707
4708
4711
4712
4714
4720
4724
4726
4727
4728
4730
4734
4736
4739
4740
4741
4750
4751
4752
4754
4755
4756
4758
4759
4761
4763
4764
4765
4766
4768
4770
4771
4772
4774
4775
4776
4779
4780
4782
4786
4789
4790
4791
4792
4794
4798
4799
4800
4801
4805
4807
4809
4811
4816
4828
4829
4837
4838
4840
4841
4843
4844
4847
4848
4849
4850
4851
4857
4864
4867
4868
4870
4871
4872
4874
4876
4879
4881
4885
4886
4887
4890
4892
4896
4897
4898
4899
4901
4902
4904
4906
4908
4910
4911
4912
4913
4918
4919
4920
4921
4924
4926
4927
4929
4930
4931
4932
4933
4935
4936
4940
4941
4942
4947
4948
4957
4958
4960
4961
4963
4966
4967
4968
4971
4972
4975
4978
4980
4983
4986
4991
4994
4995
4996
4997
4998
4999
5000
5001
5006
5008
5009
5010
5012
5016
5018
5019
5020
5021
5025
5027
5031
5034
5038
5040
5045
5046
5047
5049
5053
5058
5059
5062
5066
5073
5074
5075
5076
5078
5080
5082
5086
5091
5092
5095
5096
5101
5102
5103
5106
5108
5109
5115
5117
5119
5125
5127
5131
5134
5135
5136
5148
5150
5159
5161
5162
5163
5167
5169
5170
5172
5173
5176
5177
5178
5179
5180
5181
5184
5185
5186
5188
5189
5190
5192
5193
5197
5198
5200
5206
5208
5211
5212
5214
5217
5221
5226
5230
5231
5233
5236
5237
5240
5241
5242
5244
5246
5250
5252
5253
5254
5260
5263
5266
5268
5269
5273
5275
5276
5277
5280
5283
5285
5286
5287
5290
5293
5295
5296
5300
5302
5305
5306
5307
5308
5311
5313
5314
5317
5318
5321
5322
5325
5327
5331
5333
5337
5338
5339
5350
5352
5353
5355
5356
5357
5359
5360
5366
5370
5371
5373
5377
5379
5382
5384
5391
5392
5395
5397
5398
5401
5405
5406
5407
5408
5410
5411
5412
5415
5416
5418
5419
5420
5424
5425
5427
5428
5430
5431
5432
5434
5436
5439
5440
5443
5444
5445
5449
5450
5456
5459
5460
5461
5464
5467
5468
5469
5470
5473
5477
5479
5480
5483
5485
5488
5490
5491
5494
5498
5500
5501
5503
5504
5505
5507
5508
5510
5511
5513
5514
5515
5516
5517
5518
5519
5520
5521
5522
5523
5524
5525
5526
5529
5530
5532
5533
5534
5535
5536
5540
5542
5543
5548
5549
5551
5552
5553
5554
5555
5556
5560
5561
5563
5567
5569
5574
5575
5576
5579
5581
5582
5583
5588
5591
5592
5595
5596
5600
5604
5605
5606
5608
5609
5610
5611
5614
5615
5616
5618
5619
5620
5622
5623
5627
5628
5629
5630
5632
5633
5634
5635
5636
5637
5638
5639
5640
5641
5642
5645
5646
5647
5651
5652
5654
5656
5659
5663
5664
5665
5666
5668
5669
5670
5674
5675
5676
5677
5679
5680
5681
5684
5687
5688
5690
5691
5692
5694
5696
5697
5698
5700
5701
5702
5703
5704
5705
5707
5710
5714
5717
5718
5720
5721
5722
5726
5729
5730
5733
5735
5736
5740
5744
5745
5746
5748
5749
5750
5751
5754
5757
5760
5762
5763
5765
5768
5769
5770
5771
5772
5773
5774
5776
5777
5780
5782
5787
5789
5790
5791
5792
5793
5794
5796
5797
5798
5799
5801
5804
5805
5808
5809
5810
5812
5814
5818
5820
5821
5822
5823
5826
5827
5828
5829
5830
5831
5833
5834
5839
5840
5841
5843
5844
5845
5848
5849
5851
5856
5857
5858
5860
5861
5862
5863
5864
5865
5867
5869
5870
5871
5872
5873
5875
5876
5878
5880
5881
5883
5884
5885
5886
5887
5888
5889
5890
5891
5892
5895
5896
5897
5898
5899
5900
5901
5902
5904
5905
5906
5908
5912
5917
5918
5919
5921
5922
5924
5925
5926
5929
5930
5932
5933
5934
5936
5937
5938
5939
5940
5941
5943
5944
5945
5948
5950
5951
5953
5955
5956
5959
5960
5961
5962
5963
5964
5968
5969
5970
5971
5972
5973
5976
5978
5979
5980
5982
5984
5991
5992
5993
5994
5996
5997
6003
6004
6005
6007
6008
6009
6010
6016
6017
6018
6019
6021
6022
6024
6027
6030
6031
6032
6034
6035
6036
6038
6041
6042
6044
6045
6046
6047
6050
6051
6053
6057
6068
6069
6071
6073
6074
6075
6076
6079
6080
6081
6086
6089
6090
6091
6095
6100
6101
6106
6109
6111
6113
6114
6116
6117
6118
6119
6122
6125
6129
6132
6135
6137
6140
6141
6145
6149
6151
6153
6154
6157
6158
6160
6161
6163
6164
6167
6170
6173
6176
6179
6181
6182
6183
6184
6186
6187
6188
6190
6192
6194
6195
6196
6198
6201
6203
6204
6211
6212
6214
6215
6216
6219
6220
6221
6223
6224
6225
6228
6230
6232
6233
6234
6236
6238
6241
6242
6245
6246
6248
6251
6256
6259
6260
6263
6265
6266
6273
6275
6278
6279
6281
6286
6290
6291
6292
6293
6294
6295
6298
6307
6310
6314
6322
6323
6324
6325
6331
6333
6334
6335
6336
6338
6340
6341
6342
6348
6350
6351
6354
6355
6358
6361
6363
6366
6367
6368
6369
6373
6374
6377
6380
6383
6397
6400
6409
6410
6415
6416
6418
6421
6422
6430
6432
6433
6434
6437
6438
6442
6449
6451
6453
6455
6458
6462
6463
6464
6465
6468
6470
6471
6475
6477
6479
6481
6482
6483
6485
6486
6489
6490
6493
6495
6496
6497
6499
6501
6502
6503
6504
6505
6506
6509
6510
6511
6513
6515
6516
6518
6524
6525
6530
6532
6538
6540
6541
6542
6544
6545
6548
6550
6552
6554
6556
6557
6559
6565
6572
6576
6579
6584
6585
6587
6589
6595
6606
6611
6612
6613
6615
6623
6628
6635
6637
6642
6643
6647
6648
6650
6652
6653
6655
6664
6665
6666
6667
6671
6675
6676
6678
6681
6682
6683
6684
6686
6690
6691
6692
6695
6697
6700
6702
6703
6705
6708
6711
6712
6715
6716
6718
6721
6734
6735
6737
6738
6741
6743
6744
6750
6751
6753
6756
6757
6758
6763
6764
6765
6767
6773
6775
6778
6779
6781
6784
6789
6796
6798
6801
6802
6804
6813
6814
6815
6816
6824
6828
6829
6831
6832
6833
6836
6837
6838
6839
6841
6842
6843
6844
6845
6846
6847
6851
6852
6854
6855
6857
6860
6861
6863
6865
6867
6868
6870
6873
6876
6877
6881
6883
6884
6885
6887
6888
6890
6891
6893
6895
6897
6898
6901
6902
6905
6906
6907
6908
6910
6913
6914
6915
6916
6917
6918
6919
6920
6922
6923
6926
6927
6928
6929
6930
6931
6934
6935
6937
6938
6939
6940
6947
6950
6951
6952
6953
6959
6968
6976
6977
6981
6982
6986
6987
6990
6992
6993
6995
7000
7001
7002
7005
7014
7015
7016
7018
7019
7021
7022
7026
7031
7032
7034
7036
7039
7040
7041
7042
7043
7045
7046
7047
7056
7057
7058
7059
7061
7063
7064
7065
7067
7068
7069
7070
7071
7073
7074
7075
7081
7084
7085
7086
7087
7088
7090
7093
7094
7095
7096
7098
7099
7102
7105
7106
7107
7109
7110
7111
7113
7115
7124
7126
7127
7130
7132
7133
7134
7135
7137
7138
7139
7140
7141
7143
7144
7145
7147
7148
7150
7151
7156
7158
7159
7164
7165
7167
7169
7170
7172
7173
7174
7175
7176
7185
7186
7187
7193
7194
7196
7200
7205
7207
7209
7212
7214
7215
7217
7218
7224
7229
7236
7240
7241
7246
7247
7249
7252
7254
7258
7259
7261
7263
7268
7271
7273
7277
7278
7279
7280
7281
7282
7284
7292
7294
7296
7298
7299
7300
7301
7306
7308
7309
7310
7311
7313
7315
7318
7319
7322
7325
7326
7329
7332
7333
7335
7338
7343
7344
7346
7352
7354
7355
7356
7359
7360
7365
7366
7367
7369
7373
7374
7375
7377
7379
7380
7381
7382
7389
7392
7394
7395
7396
7397
7399
7406
7407
7409
7410
7411
7420
7421
7423
7424
7427
7432
7437
7438
7441
7444
7445
7448
7450
7453
7456
7457
7459
7460
7467
7469
7470
7475
7476
7478
7480
7481
7485
7489
7492
7499
7501
7504
7508
7511
7513
7515
7519
7522
7525
7527
7528
7536
7540
7542
7544
7546
7550
7557
7558
7561
7570
7572
7574
7581
7584
7585
7586
7588
7589
7590
7594
7598
7605
7608
7609
7612
7617
7618
7621
7626
7637
7638
7640
7641
7642
7644
7651
7654
7661
7664
7667
7668
7669
7670
7671
7683
7685
7688
7689
7693
7697
7700
7702
7703
7704
7709
7710
7711
7715
7718
7719
7721
7725
7728
7730
7734
7736
7737
7738
7739
7740
7743
7745
7746
7752
7755
7762
7764
7766
7767
7769
7774
7777
7780
7783
7789
7792
7793
7797
7800
7804
7807
7808
7810
7814
7818
7819
7821
7823
7826
7827
7829
7830
7832
7835
7840
7841
7843
7845
7848
7849
7851
7852
7855
7856
7861
7863
7864
7868
7871
7873
7877
7880
7881
7883
7884
7887
7888
7894
7896
7898
7900
7902
7903
7906
7909
7911
7912
7919
7923
7924
7927
7938
7939
7940
7942
7946
7948
7960
7964
7967
7969
7973
7977
7978
7980
7981
7983
7986
7988
7989
7991
7995
7996
7997
8001
8002
8003
8006
8007
8008
8010
8011
8014
8016
8019
8021
8022
8024
8027
8029
8040
8043
8044
8045
8047
8048
8049
8053
8054
8056
8057
8059
8060
8062
8064
8069
8072
8081
8083
8084
8085
8089
8093
8095
8096
8097
8103
8105
8106
8108
8111
8112
8113
8115
8116
8118
8123
8124
8129
8130
8134
8137
8138
8141
8156
8158
8159
8160
8162
8164
8165
8166
8167
8168
8170
8171
8172
8173
8174
8175
8181
8183
8188
8189
8193
8195
8196
8197
8198
8199
8200
8201
8202
8204
8209
8211
8214
8215
8216
8219
8221
8222
8224
8225
8226
8227
8229
8231
8232
8234
8235
8238
8240
8242
8246
8249
8250
8251
8255
8256
8257
8259
8261
8264
8265
8266
8267
8269
8273
8275
8276
8277
8280
8281
8284
8287
8291
8294
8295
8296
8297
8298
8300
8305
8313
8314
8316
8317
8318
8319
8321
8322
8328
8329
8331
8332
8337
8340
8341
8342
8343
8344
8345
8347
8348
8349
8351
8353
8354
8355
8356
8357
8358
8359
8365
8373
8375
8376
8377
8382
8383
8385
8388
8399
8400
8402
8410
8413
8414
8415
8416
8418
8423
8424
8425
8429
8434
8436
8437
8438
8439
8440
8441
8443
8444
8445
8446
8447
8448
8449
8452
8453
8455
8469
8473
8474
8476
8478
8479
8480
8481
8482
8484
8485
8489
8490
8491
8494
8496
8499
8500
8503
8506
8507
8508
8510
8511
8513
8515
8516
8517
8518
8519
8520
8527
8528
8530
8533
8534
8541
8544
8548
8549
8550
8552
8555
8556
8557
8558
8559
8560
8563
8564
8565
8566
8567
8568
8570
8571
8572
8573
8575
8576
8577
8578
8579
8583
8585
8588
8589
8591
8594
8598
8601
8603
8605
8606
8607
8610
8611
8623
8624
8625
8626
8627
8631
8633
8636
8638
8639
8643
8645
8646
8647
8648
8651
8652
8653
8654
8655
8656
8657
8658
8659
8660
8663
8664
8666
8667
8668
8670
8672
8673
8674
8675
8676
8678
8679
8680
8682
8683
8684
8688
8689
8691
8692
8696
8697
8698
8699
8700
8701
8703
8704
8705
8706
8709
8710
8713
8715
8720
8723
8741
8742
8744
8745
8747
8748
8751
8753
8755
8756
8757
8758
8759
8760
8761
8762
8763
8764
8765
8766
8767
8768
8772
8775
8776
8777
8778
8781
8782
8783
8784
8785
8786
8787
8790
8793
8795
8798
8800
8801
8802
8804
8806
8807
8808
8809
8816
8817
8819
8821
8823
8824
8825
8826
8827
8828
8829
8830
8832
8834
8836
8837
8839
8841
8842
8843
8846
8848
8849
8850
8853
8857
8858
8859
8860
8861
8862
8863
8867
8868
8869
8874
8876
8878
8879
8880
8881
8882
8883
8884
8885
8887
8888
8889
8890
8894
8895
8898
8899
8904
8905
8906
8907
8910
8912
8913
8914
8921
8922
8924
8927
8929
8930
8931
8932
8934
8935
8936
8938
8939
8941
8943
8944
8945
8948
8953
8954
8956
8957
8958
8960
8961
8962
8964
8966
8967
8970
8971
8973
8974
8975
8979
8981
8988
8989
8991
8999
9000
9002
9003
9004
9005
9007
9009
9017
9018
9019
9020
9024
9026
9029
9031
9032
9034
9035
9038
9039
9040
9041
9044
9046
9047
9048
9050
9053
9054
9058
9059
9061
9062
9063
9065
9066
9067
9070
9071
9073
9075
9076
9077
9079
9081
9084
9086
9088
9089
9091
9092
9094
9097
9103
9104
9105
9110
9111
9113
9115
9116
9117
9118
9119
9120
9121
9125
9127
9137
9139
9141
9143
9145
9148
9150
9151
9152
9156
9158
9159
9160
9161
9163
9168
9169
9171
9172
9173
9175
9176
9177
9178
9179
9181
9182
9183
9184
9185
9186
9187
9188
9190
9191
9193
9194
9195
9197
9198
9199
9200
9204
9205
9208
9210
9211
9212
9215
9216
9218
9220
9222
9226
9228
9231
9233
9234
9235
9236
9237
9238
9239
9240
9241
9242
9243
9244
9246
9247
9250
9251
9252
9254
9255
9257
9260
9261
9262
9263
9264
9266
9268
9269
9270
9271
9272
9273
9274
9276
9277
9283
9284
9285
9286
9287
9289
9294
9295
9296
9297
9302
9305
9306
9308
9312
9315
9316
9320
9323
9324
9325
9326
9328
9329
9330
9333
9337
9339
9341
9342
9351
9356
9357
9358
9359
9360
9361
9362
9363
9364
9365
9367
9370
9374
9375
9376
9377
9378
9381
9383
9386
9387
9389
9390
9391
9392
9393
9394
9395
9399
9400
9401
9404
9410
9411
9412
9413
9415
9417
9418
9419
9421
9424
9430
9438
9439
9440
9441
9442
9444
9446
9448
9449
9450
9451
9452
9456
9458
9459
9462
9465
9466
9467
9469
9472
9474
9475
9478
9479
9482
9485
9486
9487
9488
9489
9492
9493
9495
9496
9497
9499
9500
9502
9505
9508
9512
9513
9515
9518
9519
9520
9521
9523
9524
9532
9533
9534
9535
9537
9543
9545
9546
9548
9552
9555
9558
9561
9564
9568
9570
9572
9575
9576
9581
9582
9583
9585
9586
9587
9588
9589
9590
9594
9595
9596
9598
9600
9601
9607
9608
9609
9610
9611
9613
9614
9615
9621
9622
9623
9624
9625
9626
9628
9629
9630
9631
9632
9633
9634
9635
9641
9643
9646
9650
9651
9654
9655
9657
9659
9663
9665
9667
9668
9670
9671
9672
9673
9675
9677
9678
9680
9681
9682
9689
9690
9691
9692
9694
9697
9698
9699
9700
9705
9711
9712
9713
9715
9716
9717
9718
9719
9720
9721
9722
9723
9724
9725
9726
9727
9728
9729
9732
9735
9736
9738
9739
9740
9741
9742
9743
9744
9745
9746
9747
9749
9751
9753
9755
9756
9757
9759
9760
9761
9762
9764
9768
9773
9776
9777
9780
9783
9784
9785
9787
9788
9789
9790
9791
9792
9793
9795
9796
9799
9800
9801
9802
9806
9809
9810
9811
9812
9813
9815
9817
9818
9820
9821
9823
9826
9827
9828
9830
9832
9834
9835
9836
9838
9839
9841
9842
9843
9845
9846
9848
9851
9855
9856
9860
9861
9862
9867
9870
9873
9874
9876
9879
9880
9884
9885
9886
9887
9888
9889
9890
9891
9892
9894
9895
9896
9897
9898
9899
9901
9913
9915
9916
9917
9918
9920
9925
9926
9928
9931
9932
9933
9936
9944
9946
9947
9948
9951
9952
9953
9956
9958
9959
9965
9968
9970
9971
9972
9974
9978
9981
9982
9983
9988
9989
9990
9991
9994
9996
9998
9999
